111011110111101111111111111111111111111011110111
111111111111111111111111111111111111111111111111
111111111111111111111111111111111111111111111111
111111111111111101111011110111101111111111111111
111111111111111111111111111111111111111111111111
111011110111101111111111111111111101111011110111
111111111111111111111111111111111111111111111111
111111111111111111111111111111111111111111111111
011111011110111101111011110111101111011110111101
111111111111111111111111111111111111111111111111
111011110111111111111111111111111111111011110111
111011110111111111111111111111111111111111111111
111111111111111111111111111111111111111111111111
001110011110111101111011110111101111011110111100
111111111111111111111111111111111111111111111111
111111111111111111111111111111111111111111110111
111011110111101111011110011110111101111011110111
111111111111111111111111111111111111111111111111
001110011110111101111011110111101111011110111100
111111111111111111111111111111111111111111111111
111111111111111111111111111111111111111111111111
111011110111101111001110011100111101111011110111
111111111111111111111111111111111111111111111111
001110011110111101111011110111101111011110111100
111111111110111101111011110111101111011110111111
111111111111111111111111111111111111111111111111
111011110111100111001110011100111001110011110111
111111111111111111111111111111111111111111111111
001110011110111101111011110111101111011110111100
001110011100111101111011110111101111011110111100
111111111111111111111111111111111111111111111111
111011110011100111001110011100111001110011110111
111011110111101111111111111111111111111111111111
001110011110111101111011110111101111011110111100
001110011100111001111011110111101111001110011100
111111111111111111111111111111111111111111111111
111011110011100111001110011100111001110011100111
111011110111101111001110011110111101111011110111
001111011110111101111011110111101111011110111101
001110011100111001110011110111100111001110011100
111111111111111111111111111111111111111111111111
111011110011100111001110011100111001110011100111
111011110111100111001110011100111001110011110111
111111111110111101111011110111101111011110111101
001110011100111001110011100011100111001110011100
111111111110111101111011111111101111011110111111
111011110011100111001110011100111001110011100111
110001110011100111001110011100111001110011100111
111111111111111111111111110111101111011110111111
001110011100111001110001100011000111001110011100
001110011100111001111011110111101111011110011100
111001110011100111001110011100111001110011100111
110001100011100111001110011100111001110011100011
111111111111111111111111111111111111111111111111
000110001100011000110001100011000110001100011000
000110001100011000110001100011000110001100011000
