000000000000000000000000000000000000000000000000
000000000000000000000000000000000000000000000000
000000000000000000000000000000000000000000000000
000000000000000000000000000000000000000000000000
000000000000000011111111111111111000000000000000
000000000000001111111100000000111100000000000000
000000000000111111111000000000000110000000000000
000000000001111111110000000000000011100000000000
000000000011111111110000000000000001110000000000
000000000111111111110000000000000001111000000000
000000001111111100010000000000000011001100000000
000000011111110000001000000000000010000110000000
000000111011100000000100000000000100000011000000
000001110011000000000011111111111100000001000000
000011000010000000000001111111111000000000100000
000011000010000000000001111111111000000000010000
000110000110000000000001111111111000000000001000
000110000110000000000001111111111100000000001000
000100000100000000000011111111111100000000001100
001100001100000000000011111111111100000000000100
001100001100000000000111111111111110000000000100
001000001100000000000111111111111110000000000100
001000011100000000000111111111111110000000000100
011000111110000000011111111111111111000000000110
011001111111000001110001111111111000110000001110
011001111111100111000000111111110000011100011110
011011111111111100000000011111100000000110011110
011111111111110000000000001111000000000011111110
011111111111100000000000000110000000000001111110
011111111111000000000000000110000000000000111110
001011111111000000000000000110000000000000111100
001011111111000000000000000100000000000000111100
001001111111000000000000000100000000000000111100
000101111111000000000000000100000000000001111100
000101111111000000000000000100000000000001111100
000010111111000000000000000100000000000011111100
000010011110100000000000001100000000000110011000
000001010000010000000000001100000000001100011000
000001110000001000000000011110000000111000010000
000000110000000110000001111111100001100001100000
000000010000000001111111111111111111000011000000
000000011000000000011111111111111100000110000000
000000001100000000001111111111111000001100000000
000000000110000000001111111111110000011000000000
000000000001100000001111111111100000110000000000
000000000000110000001111111111100001100000000000
000000000000001100011111111111000111000000000000
000000000000000011111100000011111100000000000000
000000000000000000111111111111100000000000000000
000000000000000000000011111100000000000000000000
000000000000000000000000000000000000000000000000
000000000000000000000000000000000000000000000000
000000000000000000000000000000000000000000000000
000000000000000000000000000000000000000000000000