000000000000000000000000000000000000000000000000
000000000000000000000000000000000000000000000000
000000000000000000000000000000000000000000000000
000000000000000000000000000000000000000000000000
000000000000000000000000000000000000000000000000
000000000000000000000000000000000000000000000000
000000000000000000000000000000000000000000000000
000000000011111111111111111111111111111100000000
000000000011111111111111111111111111111100000000
000000000111000000000000000000000000001100000000
000000001111000000000000000000000000001100000000
000000010011000000000000000000000000001100000000
000000010011000000000000000000000000001100000000
000000010011000000000000000000000000001100000000
000000010011000000000000110000000000001100000000
000000010011000000000000110000000000001100000000
000000010011000000000001111000000000001100000000
000000010011000000000011111000000000001100000000
000000010011000000000011111000000000001100000000
000000010011000000000011111000000000001100000000
000000010011000111111111111111111110001100000000
000000010011000011111111111111111000001100000000
000000010011000000111111111111110000001100000000
000000010011000000000111111110000000001100000000
000000010011000000000111111110000000001100000000
000000010011000000001111111110000000001100000000
000000010011000000011111111111000000001100000000
000000010011000000011111001111000000001100000000
000000010011000000011111001111100000001100000000
000000010011000000111100000111110000001100000000
000000010011000000100000000000110000001100000000
000000010011000000000000000000000000001100000000
000000010011000000000000000000000000001100000000
000000010011000000000000000000000000001100000000
000000010011000000000000000000000000001100000000
000000010011000000000000000000000000001100000000
000000010011000000000000000000000000001100000000
000000010011000000000000000000000000001100000000
000000010011111111111111111111111111111100000000
000000011100000000000000000000000000110000000000
000000011100000000000000000000000000110000000000
000000010011111111111111111111111111110000000000
000000010011111111111111111111111111110000000000
000000010000000000000000000000000000110000000000
000000010000000000000000000000000000110000000000
000000001111111111111111111111111111110000000000
000000000000000000000000000000000000000000000000
000000000000000000000000000000000000000000000000
000000000000000000000000000000000000000000000000
000000000000000000000000000000000000000000000000
000000000000000000000000000000000000000000000000
000000000000000000000000000000000000000000000000
000000000000000000000000000000000000000000000000
000000000000000000000000000000000000000000000000
