000000000000000000000000000000000000000000000000
000000000000000000000000000000000000000000000000
000000000000000000000000000000000000000000000000
000000000000000000000000000000000000000000000000
000000000000000000000000000000000000000000000000
000000000000000000000000000000000000000000000000
000000000000000000000000000000000000000000000000
000000000000000000000000000000000000000000000000
000000000000000000000000000000000000000000000000
000000000000000000000000000000000000000000000000
000000000000111111111111111111111111000000000000
000000000000111111111111111111111111000000000000
000000000111111111111111111111111000111000000000
000000011111101111111111111111111111011100000000
000000011100000010111111111111111111011110000000
000000111011110001101111111111111111110111000000
000000100111111101101111111111111111111011000000
000000100111111101101111111111111111111011000000
000011100111111100110111111111111111111011100000
000011011111111110110111111111111111111011100000
000011011111111110110111111111111111111101100000
000011011111111110110111111111111111111100100000
000011000000000000110000000000000000000000100000
000011111111111111111111111111111111111111100000
000011111111111111111111111111111111111111100000
000011000000000000110000000000000000000000100000
000011011111111110110111111100000001111100100000
000011011111111110110111111100000001111100100000
000011011111111110110111111100111001111100100000
000011011111111110110111111100111001111100100000
000011011111111110110111111100111001111100100000
000011011111111110110111111100010001111100100000
000011011111111110110111111110000011111100100000
000011011111111110110111111110000011111100100000
000011011111111110110111111111111111111100100000
000011011111111110110111111111111111111100100000
000011011111111110110111111111111111111100100000
000011011111111110110011111111111111111100100000
000011000000000000110000000000000000000000100000
000011111111111111111111111111111111111111100000
000001111111111111111111111111111111111111100000
000000000000000000000000000000000000000000000000
000000000000000000000000000000000000000000000000
000000000000000000000000000000000000000000000000
000000000000000000000000000000000000000000000000
000000000000000000000000000000000000000000000000
000000000000000000000000000000000000000000000000
000000000000000000000000000000000000000000000000
000000000000000000000000000000000000000000000000
000000000000000000000000000000000000000000000000
000000000000000000000000000000000000000000000000
000000000000000000000000000000000000000000000000
000000000000000000000000000000000000000000000000
000000000000000000000000000000000000000000000000
