00000000000000000000000000000000000000000000000000
00000000000000000000000000000000000000000000000000
00000000000000000000000000000000000000000000000000
00000000000000000000000000000000000000000000000000
00000000000000000000000000000011111111110000000000
00000000000000000000000000000111111111110000000000
00000000000000000000000000111000011111001110000000
00000000000000000000000000111000011111001110000000
00000000000000000000000011000001111100000111100000
00000000000000000000000110000011111100001111110000
00000000000000000000001100000111111000001110011000
00000000000000000000001100001111100000111100011000
00000000000000000000001100001111100000111000011000
00000000000000000000001100111110000011110001111000
00000000000000000000001100111110000011110001111000
00000000000000000000001111000000000111001111111000
00000000000000000000001111111111111111110111111000
00000000000000000000001111111111111111110111111000
00000000000000000000001100111000011100000110011000
00000000000000000000001100111000011100000110011000
00000000000000000000001111000000011100001001111000
00000000000000000000000111000000111110001001111000
00000000001111111111100011111111111111110111111000
00000001110001111110011100111100011110000110011000
00000001110000111110011100111000011100000110011000
00000110000011111000001111001000011100001001111000
00000110000011111000001111001000011100001001111000
00011000001111100000011100110111111111110111111000
00011000001111100000111100110011111111100111111000
00011000111111000001110000110000011100000110011000
00011001111100000111100011110000011100001001111000
00011001111100000111100011110000011100001001111000
00011110000000011110011111110111111111110111111000
00011110000000011110011111110111111111110111111000
00011111111111111111101111110000011100000110011000
00011011111001111100001111110000011100001101111000
00011001110000111000001100110000011100001001111000
00011110000000111000010011110111111111110111111000
00011110000000111000010011110111111111110111111000
00011111111111111111101111110000011100000111100000
00011111111111111111001111110000011100000111100000
00011001110000111000001100110000011100001110000000
00011110000000111000010011110011111111110000000000
00011110000000111000010011110111111111110000000000
00011111111111111111101111110000000000000000000000
00011111111111111111101111100000000000000000000000
00000111110000111000001111000000000000000000000000
00000111110000111000001110000000000000000000000000
00000001110000111000011100000000000000000000000000
00000000001111111111100000000000000000000000000000
00000000001111111111100000000000000000000000000000
00000000000000000000000000000000000000000000000000
00000000000000000000000000000000000000000000000000
00000000000000000000000000000000000000000000000000