000000000000000000000000000000000000000000000000
000000000000000000000000000000000000000000000000
000000000000000000000000000000000000000000000000
000000000000000000000000000000000000000000000000
000000000000000000000000000000000000000000000000
000000000000000000000110000000000000000000000000
000000000000000000000110000000000000000000000000
000000000000000000000111000000000000000000000000
000000000000000000000111110000000000000000000000
000000000000000000000111110000000000000000000000
000000000000000000000001111100000000000000000000
000000000000000000000001111100000000000000000000
000000000000000000000001111100000000000000000000
000000000000000000000001111100000000000000000000
000000000000000000000001111100000000000000000000
000000000000000000011001111111000111000000000000
000000000000000000011001111111000111000000000000
000000000000000000011111111111000111000000000000
000000000000000000011111111111000111000000000000
000000000000000001111111111111111111000000000000
000000000000000001111111111111111111000000000000
000000000000000011111111111111111110000000000000
000000000000000111111110001111111100000000000000
000000000000000111111110001111111100000000000000
000000000000111111111000001111111100000000000000
000000000000111111111000001111111100000000000000
000000000000111111111000001111111100110000000000
000000000000111111111000001111111100110000000000
000000000000111111111000001111111101110000000000
000000000011111111111000001111111111110000000000
000000000011111111111000001111111111110000000000
000000000011111110011000000111111111000000000000
000000000011111110011000000011111111000000000000
000000000011111110000000000011001111111100000000
000000000011111110000000000011001111111100000000
000000000011111110000000000011001111111100000000
000000000011111110000000000000001111111100000000
000000000011111110000000000000001111111100000000
000000000011111110000000000000001111111100000000
000000000000111111100000000000001111111100000000
000000000000111111100000000000001111111100000000
000000000000111111100000000000111111110000000000
000000000000111111100000000000111111110000000000
000000000000111111100000000000111111110000000000
000000000000001111111000000011111111000000000000
000000000000000111111000000011111111000000000000
000000000000000001111111111111111000000000000000
000000000000000001111111111111111000000000000000
000000000000000000000000000000000000000000000000
000000000000000000000000000000000000000000000000
000000000000000000000000000000000000000000000000
000000000000000000000000000000000000000000000000
000000000000000000000000000000000000000000000000
000000000000000000000000000000000000000000000000