0000000000000000000000000000000000000000
0000000000000000000000000000000000000000
0000000000000000000000000011110000000000
0000000001111000000000000100001000000000
0000000001111100000000001000001000000000
0000000010000111000000011000000100000000
0000001110000000100000011000000111000000
0000010000000000010000001100000000110000
0000010000000000010000000111111111000000
0000011111111111100000000000000000000000
0000001111111111100000000000000000000000
0000000000000000000000000000000000000000
0000000000000000000000000000000000000000
0000000000000000011111000000000000000000
0000000000000000110001100000000000000000
0000000000000000100000100000000000000000
0000000000011100100000101111000000000000
0000000000111111100000111111100000000000
0000000001110011100000110001110000000000
0000000011000001111111100000011000000000
0000000010000011000000010000001000000000
0000000010000110000000001100001000000000
0000000011000100010001001100011000000000
0000000001111100010001001100110000000000
0000000000111100010001001111100000000000
0000000001111100000000001111110000000000
0000000011000100010001001100011000000000
0000000011000110001110001100011000000000
0000000010000001001110001000001000000000
0000000011000001100000010000001000000000
0000000011100001111111100000011000000000
0000000001110011100000111000110000000000
0000000000111100100000101111100000000000
0000000000000000100000100100000000000000
0000000000000000110001100000000000000000
0000000000000000010001000000000000000000
0000000000000000001111000000000000000000
0000000001111110001110001111100000000000
0000000001111111001110011111100000000000
0000000000111111101110111111000000000000
0000000000011111111111111110000000000000
0000000000001111111111111100000000000000
0000000000000011111111111001000000000000
0000001010000100001110000001000010000000
0000001010010010001110000010010110000000
0000011011110010001110000110010110000000
0000111111111111111111111111111111000000
0000111111110011111111111111111111000000
0000000011111111100111111111100000000000
0000000011111111111111111100011000000000
0000000000000111111111111100011000000000
0000000000000000000000000000000000000000
0000000000000000000000000000000000000000
0000000000000000000000000000000000000000