000000000000000000000000000000000000000000000000
000000000000000000000000000000000000000000000000
000000000000000000000000000000000000000000000000
000000000000000000000000000000000000000000000000
000000000000000000000000000000000000000000000000
000000000000000000000000000000000000000000000000
000000000000000000000000000000000000000000000000
000000000000000000000000000000000000000000000000
000000000000000000001111111110000000000000000000
000000000000000000001111111111000000000000000000
000000000000000000111111111111110000000000000000
000000000000000011111111111111111100000000000000
000000000000000011111111111111111100000000000000
000000000000001111111111111111111100000000000000
000000000000001111111111111111111110000000000000
000000000000001111111111111111111110000000000000
000000000000011111100011111100011110000000000000
000000000000011111000001111000001111100000000000
000000000000011110000001110000001111100000000000
000000000000011110000001110000001111100000000000
000000000000011110000001110000001111100000000000
000000000000011110000001110000001111100000000000
000000000000011110000001110000001111100000000000
000000000000011111100011111100011111100000000000
000000000000011111100011111100011111100000000000
000000000000011111111111111111111111100000000000
000000000000111111111111111111111111100000000000
000000001111111111111111111111111111111110000000
000000011111111111111111111111111111111111000000
000000011111111111111111111111111111111111000000
000000011111111111111111111111111111111111000000
000000001110011111111111111111111111101110000000
000000000110011111111111111111111111100110000000
000000000000011111111111111111111111100000000000
000000000000011111111111111111111111100000000000
000000000000011111111111111111111111100000000000
000000000000011111111111111111111111100000000000
000000000001111111111111111111111111100000000000
000000000001111111111111111111111111100000000000
000000000001111111111111111111111111100000000000
000000000011111111111111111111111111000000000000
000000000011111111111111111111111110000000000000
000000001111111111111111111111111110000000000000
000000001111111100011111111001111100000000000000
000000001111111100011111110000111100000000000000
000000000000000000001111100000000000000000000000
000000000000000000000000000000000000000000000000
000000000000000000000000000000000000000000000000
000000000000000000000000000000000000000000000000
000000000000000000000000000000000000000000000000
000000000000000000000000000000000000000000000000
000000000000000000000000000000000000000000000000
000000000000000000000000000000000000000000000000
000000000000000000000000000000000000000000000000
