000000000000000000000000000000000000000000000000
000000000000000000001111110000000000000000000000
000000000000000000111111111110000000000000000000
000000000000000000111111111110000000000000000000
000000000000000011111111111111000000000000000000
000000000000000011111000000000000000000000000000
000000000000000011111000000000000000000000000000
000000000000000011100111111111000000000000000000
000000000000000011100111101101000000000000000000
000000000000000011100111001001000000000000000000
000000000000000000111111001001000000000000000000
000000000000000000111111001001000000000000000000
000000000000111100001111111111000000000000000000
000000000011111111000011111110000000000000000000
000000000011111111000001111110000000000000000000
000000000111111111001000000000110000000000000000
000000000111111110001000000000111000000000000000
000000000111111100001111111110111100000000000000
000000000000000000111111111110111100000000000000
000000000000000000111111111110011000000000000000
000000000011111000111111111110000000000000000000
000000000011111001111111111100011111111100000000
000000000011111001111111111000111111111100000000
000000001111111001111111111000110000001100000000
000000001100000001111111111000110000001100000000
000000001100000001111111111000110000001100000000
000000010011100000111111110000110000001100000000
000000010011100000000000000000110000001100000000
000000010011100000000000000000110000001100000000
000000000011111001111111111000110000001100000000
000000000011111001111111111000110000001100000000
000000000011111000000000000000010000001100000000
000000010011100001000111111000010000001100000000
000000010011100011000111111000010000000100000000
000000110011100011000000000000001100010000000000
000000000011100011000000000000000011010000000000
000000000011100011001111111110000011100000000000
000000000000000011000111111111110000000000000000
000000000000000011000000111111110000000000000000
000000000000000100111000000011111110000000000000
000000000000000100111111100000011111100000000000
000000000000000100000111111100000011100000000000
000000000000011000000000111111110111110000000000
000000000000111100000000000011111111110000000000
000000000000111100000000000000011111110000000000
000000000000111100000000001111000000000000000000
000000000000111100000000001111000000000000000000
000000000011111000000000001111000000000000000000
000000000011111000000000000111000000000000000000
000000000011111000000000000011000000000000000000
000000000011100000000000000010000000000000000000
000000000011100000000000000010000000000000000000
000000000011111100000000000011111100000000000000
000000000000000000000000000000000000000000000000
