0000000000000000000000000000000000000000000
0000000000000000000000000000000000000000000
0000000000000000000000000000000000000000000
0000011111111111111111111111111111111100000
0000011111111111111111111111111111111100000
0000011111111111111111111111111111111100000
0000011111011111111111111000001111111100000
0000011111111111111111111100000011111100000
0000011111111111111111111111000011111100000
0000011111111111111101111111100001111100000
0000011111111111111111111111110000111100000
0000011111111111111111111111110000111100000
0000011111111110111111111111110000111100000
0000011111111111111111111111110000111100000
0000011111111111111111111111110000111100000
0000011110111111111111111111100001111100000
0000011111111111111111101110000001111100000
0000011111111111111111110000000011111100000
0000011111111111111111111111111111111100000
0000011111111111111111111111111111111100000
0000011111111110111111111111111111111100000
0000011111111101011111111111111111111100000
0000011111111110111111111111111110111100000
0000011111111111111111111111111111111100000
0000011111111111111111111101111111111100000
0000011111111111111111111111111111111100000
0000011110111111111111111111111111111100000
0000011111111111111111111111111111111100000
0000011111111111111110011111111111111100000
0000011111111111111100001111111111111100000
0000011111111111111000000111111111111100000
0000011111111011111100000011111110111100000
0000011111110001111100010101111111111100000
0000011111100000111100111111111111111100000
0000011111000001111111111111100111111100000
0000011110001001111111111111000011111100000
0000011100001011111111111110000001111100000
0000011100011111111111111101100100111100000
0000011100111111111111111011111110011100000
0000011111111111111111110111111111111100000
0000011111111111111111111111111111111100000
0000011111111111111111111111111111111100000
0000011111111111111111111111111111111100000
0000000000000000000000000000000000000000000
0000011111111111111111111111111111111100000
0000011111111111111111111111111111111100000
0000001111111000000000000000000110000000000
0000000001111111111111111111111111110000000
0000000000111111111111111111111111110000000
0000000000001111110111111100000000000000000
0000000000000000111111111111110000000000000
0000000000000000000000000000000000000000000
0000000000000000000000000000000000000000000
0000000000000000000000000000000000000000000
