000000000000000000000000000000000000000000000000
000000000000000000000000000111111110000000000000
000000000000000000000000001111111111000000000000
000000000000000000000000011111111111000000000000
000000000000000000000000111111111111110000000000
000000000000000000000111111111111111110000000000
000000000000000000000111111111111111110000000000
000000000000000001111110000000000111110000000000
000000000000000111110000000000000111111000000000
000000000000000111110000000000000111111000000000
000000001111111110000000000000000000001110000000
000001111111110000000000000000000000000110000000
000001111111110000000000000000000000000110000000
000001111111000000000000000000000000000111000000
000111111111000000000000000000000000000011000000
000111111111000000000000000000000000000001000000
000111111111000000000000000000000000000001000000
000111111110000000000000000000000001111001110000
000111111110000000000000000000000001111001110000
000111111110000000000000000000000001111110110000
000111111110000000000000000000000111000110110000
000111111110000000000000000000000111000110110000
000001111110000000111110000000000111000110110000
000000111000000001111111000000000111111110110000
000000111000000001111111000000000111111110110000
000000001000000111111111110000000001111110110000
000000001110000111111000110000000000111001110000
000000001110000111111000110000000000111001110000
000000001110000111111000110000000000000111000000
000000000110000111111111110000000110000110000000
000000000110000111111111110000000110000110000000
000000000111000001111111110000111000001110000000
000000000011000000111111000001110000111000000000
000000000001000000111111000001110000111000000000
000000000000111110000000000000000001110000000000
000000000000000111000000000000001111111000000000
000000000000000111000000000000001111111000000000
000000000000000001111111110000000111111000000000
000000000000000111111000000000000011110000000000
000000000000000111111000000000000001110000000000
000000000000000111111000000000000001000000000000
000000000000000011111000000000000001000000000000
000000000000000001111000000000000001000000000000
000000000000000000111000000000000001000000000000
000000000000000000011100000000000111000000000000
000000000000000000001110000000000111000000000000
000000000000000000001110000000000111000000000000
000000000000000000000111000000001110000000000000
000000000000000000000111000000001110000000000000
000000000000000000000111111111111110000000000000
000000000000000000000111111111111110000000000000
000000000000000000000111111001111110000000000000
000000000000000000000001110000111000000000000000
000000000000000000000000000000000000000000000000
