000000000000000000000000000000000000000000000000
000000000000000000000000000000000000000000000000
000000000000000000000000000000000000000000000000
000000000000000000000000000000000000000000000000
000000000000000000000000000000000000000000000000
000000000000000000000000000000000000000000000000
000000000000000000000000000000000000000000000000
000000000000001111111111111111111100000000000000
000000000000001111111111111111111100000000000000
000000000000111111111111111111111100000000000000
000000000000111110000000000000011111000000000000
000000000000111110000000000000011111000000000000
000000000111110000000000000000000011110000000000
000000000111110000000000000000000011110000000000
000000011111000000000000000000000001111100000000
000000011111000000000000000000000000111100000000
000000011111000000000000000000000000111100000000
000000011100000000000000000000000000111100000000
000000011100000000000000000000000000001100000000
000000011100111111000000011111110000001100000000
000000011100111111100000111111110000001100000000
000000011100111111100000111111110000001100000000
000000011100111111100000111111110000001100000000
000000011100111111100000111111110000001100000000
000000011100111111100000111111110000001100000000
000000011100111111100000111111110000001100000000
000000011100111110000000001111110000001100000000
000000011100111110000100001111110000001100000000
000000011100000000001100000000000000111100000000
000000011100000000111100000000000000111100000000
000000011111000000111111000000000011111000000000
000000011111000000111111100000000011110000000000
000000000111110000111111100001111111000000000000
000000000111110000000000000001111111000000000000
000000000000110000000000000001111111000000000000
000000000000110000000000000001111100000000000000
000000000000110000000000000001111100000000000000
000000000000110011101110111001111100000000000000
000000000000110011101110111001111100000000000000
000000000000111111111111111111111100000000000000
000000000000111111111111111111111100000000000000
000000000000111111111111111111111100000000000000
000000000000110011101110111000011100000000000000
000000000000110011101110111000011100000000000000
000000000000110000000000000001111100000000000000
000000000000110000000000000001111100000000000000
000000000000111111111111111111110000000000000000
000000000000111111111111111111110000000000000000
000000000000000000000000000000000000000000000000
000000000000000000000000000000000000000000000000
000000000000000000000000000000000000000000000000
000000000000000000000000000000000000000000000000
000000000000000000000000000000000000000000000000
000000000000000000000000000000000000000000000000