00000000000000000000000000000000000000000000000
00000000000000000000000000000000000000000000000
00000000000000000000000000000000000000000000000
00000000000000000000000000000000000000000000000
00000000000000000000000000111000000000000000000
00000000000000000000000000111000000000000000000
00000000000000000000000000110000000000000000000
00000000000000000000000001110000000000000000000
00000000000000000000000011110000000000000000000
00000000000001111100000011110001111000000000000
00000000000001111100000011110011111000000000000
00000000000000011111100111110111110000000000000
00000000000000001111111111011111000000000000000
00000000000000001111111111011111000000000000000
00000000000001111111111111111111111000000000000
00000000000011111111111111111111111110000000000
00000000000011111111111111111111111110000000000
00000000001110000001111111000001111000000000000
00000000011110000011111111000001111100000000000
00000000011100000011100000000000001110000000000
00000000011100000000000000000000000111100000000
00000000111000000000000000000000000111100000000
00000001110001100000000011000000000111100000000
00000001110000000000100000000001000001110000000
00000001110000000000100000000001000001110000000
00000001110000000000000000000000000001110000000
00000001110000010000000000100000000001110000000
00000001110000010000000000100000000001110000000
00000001110010000000000000000000000001110000000
00000001110000000000100000000000100001110000000
00000001110000000000100000000000110001110000000
00000001110000000000000000000000000001100000000
00000000111000010000000000001000000011100000000
00000000011100011000000000001000000111100000000
00000000011100000000000100000000000111100000000
00000000011110000000000100000000000111000000000
00000000001110000000000000000000000110000000000
00000000001110000011000000000110001110000000000
00000000001111000010000000000110001110000000000
00000000000011100000000000000000001000000000000
00000000000011100000000011000000111000000000000
00000000000011100000000011000000111000000000000
00000000000001110000100000000001110000000000000
00000000000000110000000000000111100000000000000
00000000000000011000000000000111000000000000000
00000000000000011100000000011110000000000000000
00000000000000011110000000111000000000000000000
00000000000000001111000000111000000000000000000
00000000000000000011111111110000000000000000000
00000000000000000011111111100000000000000000000
00000000000000000000111111000000000000000000000
00000000000000000000000000000000000000000000000
00000000000000000000000000000000000000000000000
00000000000000000000000000000000000000000000000
