000000000000000000000000000000000000
000000000000000001000000000000000000
000000000000000011000000000000000000
000000000000000011100000000000000000
000000000000000111100000000000000000
000000000000000111110000000000000000
000000000000000111110000000000000000
000000000000001111110000000000000000
000000000000001111111000000000000000
000000000000001111111000000000000000
000000000000011111111100000000000000
000000000001111111111111000011000000
000000000111111111111111110011100000
000000011111111111111111111011100000
000000000000110001100110000011100000
000000000001110111110110000011000000
000000000001100110110111000011000000
000000000001110100100111000011000000
000000000011110000000011000011000000
000000000011100001100011100011000000
000000000111100010010011100011000000
000000001111100100000011110011000000
000000011111100100001011110011000000
000000011111110100001011111011000000
000000111111110000001111111111000000
000000111111111000001111111111100000
000000111101111000001111111010010000
000000111101111100001111111011010000
000001111101111100011111011110010000
000001111011111100011111011110010000
000001111011111110011111011010010000
000001111011111110111111011011100000
000001111101111111111111011011100000
000011111101111111111111001011000000
000011111101111111111111001111000000
000011111101111111111011101111000000
000011000011111111111011100111000000
000010001011111111111011100111000000
000010011011110111111011100011000000
000011001111110111111011100011000000
000001110111110111111011110011000000
000000001111110111111011110011000000
000000001111110111111011110011000000
000000001111110111111001110011000000
000000011111100111111001110011000000
000000011111100111111001111011000000
000000011111100111111001111011000000
000000011111100111111001111011000000
000000111111100111111101111011000000
000000111111000111111111111011000000
000000111111001111111111111111000000
000001111110011111111111111111000000
000001111111111111111111111111000000
000000000000000000000000000000000000